bg_color: 0, 0, 0
o: 0.0, -3, -50.0
angle: 0, 0, 0

light: 0; 0.3; 0.0, 0.0, -30.0
light: 1; 0.5; -6, -1, -50.0
light: 1; 0.5; 6, -1, -50.0

plane: 0, -7, -10; 0, 1, 0; 119, 119, 119; 100.0; 0.3
plane: 0, 7, -10; 0, 1, 0; 119, 119, 119; 100.0; 0.3
plane: -9, 0, -10; 1, 0, 0; 119, 119, 119; 100.0; 0.3
plane: 9, 0, -10; 1, 0, 0; 119, 119, 119; 100.0; 0.3
plane: 0, 0, 7; 0, 0, 1; 119, 119, 119; 100.0; 0.3
cylinder: -4.0, 0.0, 0.0; 1.0; 0, 1, 0; 170, 0, 0; 50.0; 0.2
cylinder: -4.0, 0.0, -25.0; 1.0; 0, 1, 0; 170, 0, 0; 50.0; 0.2
cylinder: 4.0, 0.0, 0.0; 1.0; 0, 1, 0; 170, 0, 0; 50.0; 0.2
cylinder: 4.0, 0.0, -25.0; 1.0; 0, 1, 0; 170, 0, 0; 50.0; 0.2
sphere: -4.0, -7.0, 0.0; 1.8; 0, 0, 190; 100.0; 0.1
sphere: -4.0, 7.0, 0.0; 1.8; 0, 0, 190; 100.0; 0.1
sphere: -4.0, -7.0, -25.0; 1.8; 0, 0, 190; 100.0; 0.1
sphere: -4.0, 7.0, -25.0; 1.8; 0, 0, 190; 100.0; 0.1
sphere: 4.0, -7.0, 0.0; 1.8; 0, 0, 190; 100.0; 0.1
sphere: 4.0, 7.0, 0.0; 1.8; 0, 0, 190; 100.0; 0.1
sphere: 4.0, -7.0, -25.0; 1.8; 0, 0, 190; 100.0; 0.1
sphere: 4.0, 7.0, -25.0; 1.8; 0, 0, 190; 100.0; 0.1