bg_color: 255, 255, 255
o: 0.0, 0.0, -40.0
angle: 0, 0, 0

light: 0; 0.2; 0.0, 5.0, 0.0
light: 1; 0.5; 3, 3, -23.0
light: 1; 0.5; -3, 3, -23.0
light: 1; 0.5; 4, -3, -42.0
light: 1; 0.5; -4, -3, -42.0

plane: 0, 0, 5; 0, 0, 1; 0, 50, 190; 100.0; 0
plane: 0, 5, -10; 0, 1, 0; 100, 100, 100; 100.0; 0
plane: 0, -5, -10; 0, -1, 0; 100, 100, 100; 100.0; 0
cylinder: -4.0, 0.0, 0.0; 1.0; 0, 1, 0; 150, 150, 150; 50.0; 0
cylinder: -4.0, 0.0, -25.0; 1.0; 0, 1, 0; 150, 150, 150; 50.0; 0
cylinder: 4.0, 0.0, 0.0; 1.0; 0, 1, 0; 150, 150, 150; 50.0; 0
cylinder: 4.0, 0.0, -25.0; 1.0; 0, 1, 0; 150, 150, 150; 50.0; 0
sphere: -4.0, -5.0, 0.0; 1.8; 150, 150, 150; 100.0; 0.1
sphere: -4.0, 5.0, 0.0; 1.8; 150, 150, 150; 100.0; 0.1
sphere: -4.0, -5.0, -25.0; 1.8; 150, 150, 150; 100.0; 0.1
sphere: -4.0, 5.0, -25.0; 1.8; 150, 150, 150; 100.0; 0.1
sphere: 4.0, -5.0, 0.0; 1.8; 150, 150, 150; 100.0; 0.1
sphere: 4.0, 5.0, 0.0; 1.8; 150, 150, 150; 100.0; 0.1
sphere: 4.0, -5.0, -25.0; 1.8; 150, 150, 150; 100.0; 0.1
sphere: 4.0, 5.0, -25.0; 1.8; 150, 150, 150; 100.0; 0.1
sphere: 0.0, -4.0, -22.0; 1.0; 190, 0, 0; 100.0; 0.1